8.257067548414770187e-11
3.888800834464166409e-10
7.539324543325321211e-10
1.119963912091156194e-09
1.486668256239211454e-09
1.852461610104849452e-09
2.218501098534037514e-09
2.585217156222742657e-09
2.950854767828722806e-09
3.316877845448137962e-09
3.682885244207235582e-09
4.048844977098747655e-09
4.415602477002842383e-09
4.781028334940595309e-09
5.146072576010112213e-09
5.512173600388433998e-09
5.878540215686614167e-09
6.244528879664995697e-09
6.610283816889700089e-09
6.975920526196124466e-09
7.341112562042113226e-09
7.707632048643234805e-09
8.073757275116184138e-09
8.439162033947239904e-09
8.805065642664539511e-09
9.170880249124074205e-09
9.536612563592710969e-09
9.902007778284339158e-09
1.026746541463665456e-08
1.063323657757364398e-08
1.099913690009020939e-08
1.136546416541122292e-08
1.173216546461476047e-08
1.209912795667118511e-08
1.246502324238277440e-08
1.283057038496423999e-08
1.319688468371161958e-08
1.356363204748801219e-08
1.393002428645181634e-08
1.429644727434705769e-08
1.466247244693620251e-08
1.502864326308299434e-08
1.539460799550591515e-08
1.576140241740547874e-08
1.612708026681605843e-08
1.649167169243972069e-08
1.685769239342819796e-08
1.722289532812267455e-08
1.758924528949678813e-08
1.795431367735976776e-08
1.832010765602721514e-08
1.868577092634641467e-08
1.905142084969510352e-08
1.941706650790446261e-08
1.978301798855412813e-08
2.014870970348101663e-08
2.051498652944635535e-08
2.088077780985716276e-08
2.124653056047287750e-08
2.161304784562338993e-08
2.197962428305634662e-08
2.234572891671134627e-08
2.271250294412964065e-08
2.307839915236976056e-08
2.344372542006609786e-08
2.380973470305380781e-08
2.417552946010619555e-08
2.454097438417824474e-08
2.490678565117473340e-08
2.527173835983311753e-08
2.563850063578428836e-08
2.600362198034599448e-08
2.636928000026900178e-08
2.673460586079183016e-08
2.710116113948417185e-08
2.746709879708365111e-08
2.783173570007438749e-08
2.819756939800104244e-08
2.856395994867006879e-08
2.892948478990180177e-08
2.929500473889749509e-08
2.966090033679209006e-08
3.002744935055162850e-08
3.039241734300237458e-08
3.075828053551005797e-08
3.112361835626075262e-08
3.149036309020596418e-08
3.185605519629097034e-08
3.222188653418747480e-08
3.258812780447816203e-08
3.295403107639668590e-08
3.332042819111564754e-08
3.368685579265587314e-08
3.405311148450964814e-08
3.441910656022478493e-08
3.478482342597891417e-08
3.515047476063952995e-08
3.551601538971633194e-08
3.588206913641331492e-08
3.624732491754214458e-08
3.661348024209699740e-08
3.697942433807471105e-08
3.734494063886349172e-08
3.771066504947791595e-08
3.807554121429492733e-08
3.844058013300154851e-08
3.880529550392777346e-08
3.917086838012648111e-08
3.953684187295519040e-08
3.990255687115705517e-08
4.026932741306657173e-08
4.063520098232985456e-08
4.100088185574925654e-08
4.136604282253297068e-08
4.173151966500734857e-08
4.209799082858499413e-08
4.246458954944254059e-08
4.283026355336762516e-08
4.319638748706895804e-08
4.356195548110977623e-08
4.392753022826871923e-08
4.429387059704508046e-08
4.465961474459726288e-08
4.502488756182239708e-08
4.539113000507082331e-08
4.575707692941578376e-08
4.612275769911252718e-08
4.648839776727031292e-08
4.685447718277280945e-08
4.721957387076907511e-08
4.758527507111573209e-08
4.795103684374733484e-08
4.831646139324526182e-08
4.868273454238946240e-08
4.904958832990273658e-08
4.941561095882149558e-08
4.978183784680927729e-08
5.014771042685443227e-08
5.051413669495863902e-08
5.088077412624368790e-08
5.124731907620562331e-08
5.161282623470743428e-08
5.197804551244080658e-08
5.234379211990050669e-08
5.270944421625724068e-08
5.307604911984492221e-08
5.344267254753574775e-08
5.380885558479139364e-08
5.417421308434187402e-08
5.454053697833255290e-08
5.490598564288935197e-08
5.527202562055207831e-08
5.563820094102431150e-08
5.600366534787588765e-08
5.636939915295654606e-08
5.673479858082125846e-08
5.710090293557558237e-08
5.746709536280192110e-08
5.783336882015371718e-08
5.819948890139595254e-08
5.856511466307337746e-08
5.893173207080872028e-08
5.929848614602776748e-08
5.966460730096703448e-08
6.003039200706624804e-08
6.039588175127969621e-08
6.076145069519690662e-08
6.112770474971103358e-08
6.149338291112569647e-08
6.185951605574459213e-08
6.222538369458806287e-08
6.259206307106661929e-08
6.295844204198394470e-08
6.332536746809850510e-08
6.369081182714082880e-08
6.405740105289685145e-08
6.442192170415673737e-08
6.478727858544364204e-08
6.515237771542417513e-08
6.551824131336041340e-08
6.588464595435179008e-08
6.625090133295937423e-08
6.661722006438383215e-08
6.698301787588658904e-08
6.734818186053361688e-08
6.771371497890761422e-08
6.807958787223107450e-08
6.844631235821611940e-08
6.881225148440790366e-08
6.917829516015489577e-08
6.954434884858757927e-08
6.991012750938780639e-08
7.027649373155156070e-08
7.064264288338569987e-08
7.100775775551739164e-08
7.137335033575245082e-08
7.173944989073237513e-08
7.210532106661007132e-08
7.247056335735969707e-08
7.283649215744937195e-08
7.320250555950173848e-08
7.356740213978361259e-08
7.393345740692027365e-08
7.429990073314025344e-08
7.466622019256389354e-08
7.503216387347317548e-08
7.539735619503481974e-08
7.576237949735257264e-08
7.612911501900744570e-08
7.649446913881590576e-08
7.686087330212295919e-08
7.722576123114397485e-08
7.759136457135411683e-08
7.795816741919402409e-08
7.832434803554393655e-08
7.869005447513160008e-08
7.905647666376700239e-08
7.942271839339777401e-08
7.978922425572269372e-08
8.015396880499224767e-08
8.052012008463478523e-08
8.088747256982560606e-08
8.125351953893267652e-08
8.161963983178105995e-08
8.198493484587170618e-08
8.235078420140343571e-08
8.271701560845089782e-08
8.308276764685740167e-08
8.344847214541236830e-08
8.381547513151344788e-08
8.418160396484462396e-08
8.454723228691601664e-08
8.491369656815414971e-08
8.527877292271846349e-08
8.564398217726729014e-08
8.601102991015162004e-08
8.637715381365003442e-08
8.674301316144927616e-08
8.710935209869100729e-08
8.747546764421872399e-08
8.784239094431704891e-08
8.820731943113222239e-08
8.857339214395560617e-08
8.893952160859000666e-08
8.930672353316586269e-08
8.967240266691440822e-08
9.003848122354459417e-08
9.040512555824627341e-08
9.077162524724663101e-08
9.113821957717501881e-08
9.150500560879071929e-08
9.187119511287841158e-08
9.223684681503825419e-08
9.260294783204523370e-08
9.296910399771576087e-08
9.333423302525545729e-08
9.370007840222323363e-08
9.406661707544369418e-08
9.443232232515960159e-08
9.479768969827806301e-08
9.516389375826278264e-08
9.552965732070335869e-08
9.589550912619274812e-08
9.626013585032064250e-08
9.662580831286390053e-08
9.699118262100115629e-08
9.735720174329591305e-08
9.772309332827908095e-08
9.808917036083299845e-08
9.845442246906450393e-08
9.881940622725843355e-08
9.918532441009861988e-08
9.955130067131355909e-08
9.991765427393877723e-08
1.002835724133410494e-07
1.006498975726459164e-07
1.010150726517384548e-07
1.013811861964633359e-07
1.017471016938062093e-07
1.021131904561100999e-07
1.024796834147345055e-07
1.028453245905068912e-07
1.032115042632945391e-07
1.035767979197402501e-07
1.039422560440698611e-07
1.043079342931063502e-07
1.046726216558253993e-07
1.050378597099946717e-07
1.054037492437512385e-07
1.057689127171062962e-07
1.061344003018614967e-07
1.065000057109500491e-07
1.068656013269949193e-07
1.072307012670586255e-07
1.075965341879348901e-07
1.079617765678413643e-07
1.083278161150314913e-07
1.086935179202009125e-07
1.090600100104322911e-07
1.094254030699666898e-07
1.097905768216900696e-07
1.101569864286004585e-07
1.105230673256721059e-07
1.108893276530383309e-07
1.112553425755073865e-07
1.116214401148469593e-07
1.119873414373027836e-07
1.123535964177689498e-07
1.127195764141352297e-07
1.130859567790391874e-07
1.134514386785047064e-07
1.138176390319022730e-07
1.141828223325799961e-07
1.145488088328666990e-07
1.149147597781582561e-07
1.152799850920123511e-07
1.156455543261201111e-07
1.160121184208894387e-07
1.163780208389052075e-07
1.167439029495943748e-07
1.171098609850322725e-07
1.174759489759489622e-07
1.178408337592392057e-07
1.182073878206885106e-07
1.185727276020049385e-07
1.189383134073215344e-07
1.193037263031101110e-07
1.196696748735707220e-07
1.200350913817933661e-07
1.204003707544741482e-07
1.207654348786825939e-07
1.211315637565650957e-07
1.214969233617712703e-07
1.218628054124166807e-07
1.222293394932377550e-07
1.225955848795360577e-07
1.229625453147366954e-07
1.233276621372322769e-07
1.236949563777438945e-07
1.240607434794758202e-07
1.244264753269212941e-07
1.247926889588715026e-07
1.251578602513560575e-07
1.255240780918161195e-07
1.258898002058944528e-07
1.262549317149902806e-07
1.266213233721029102e-07
1.269863374548038602e-07
1.273527460523057079e-07
1.277194510936826929e-07
1.280851309425693105e-07
1.284518527461337309e-07
1.288177628595903358e-07
1.291844297254503095e-07
1.295502962686957191e-07
1.299169302056494042e-07
1.302828595217959007e-07
1.306487160329644804e-07
1.310131920599257198e-07
1.313796243484396704e-07
1.317447126588589734e-07
1.321108823519686392e-07
1.324778407726741802e-07
1.328428275496574687e-07
1.332089945126984186e-07
1.335743575981857848e-07
1.339407052381196856e-07
1.343071358962414053e-07
1.346735229655458982e-07
1.350401544206092974e-07
1.354060520207500225e-07
1.357723101639102118e-07
1.361385954860591222e-07
1.365043724675957129e-07
1.368698858044977457e-07
1.372369357981108413e-07
1.376024537041458136e-07
1.379688005424463831e-07
1.383353103038055327e-07
1.387017172769207190e-07
1.390673712691606071e-07
1.394337151522798230e-07
1.397991879393957856e-07
1.401649532503625836e-07
1.405308332888845630e-07
1.408961468264776745e-07
1.412619213857989858e-07
1.416274600415923379e-07
1.419936900711277732e-07
1.423591216284979968e-07
1.427254275844412090e-07
1.430916883198793207e-07
1.434580195677597550e-07
1.438246553354992932e-07
1.441905762767054354e-07
1.445559167100054633e-07
1.449224485172517496e-07
1.452885830640222650e-07
1.456542812847959047e-07
1.460206302045903948e-07
1.463863779386726369e-07
1.467522960536366189e-07
1.471172790770596820e-07
1.474825295449302391e-07
1.478487498512630351e-07
1.482139173843395285e-07
1.485789194028932534e-07
1.489443635201033826e-07
1.493112209316021031e-07
1.496763605020609441e-07
1.500428337427376137e-07
1.504084036291864878e-07
1.507752155242692006e-07
1.511406159070578540e-07
1.515061102783739988e-07
1.518704861127772609e-07
1.522361824139753217e-07
1.526017102295044364e-07
1.529673004626072812e-07
1.533325611274153377e-07
1.536980630963465247e-07
1.540640005397521273e-07
1.544307471932852129e-07
1.547962388244381002e-07
1.551615526596885420e-07
1.555280054542419384e-07
1.558933386072033374e-07
1.562583248283171250e-07
1.566250352717606570e-07
1.569911329608139914e-07
1.573563071600632849e-07
1.577231291912858015e-07
1.580890273477713984e-07
1.584552600530899227e-07
1.588198939228123770e-07
1.591876147145997283e-07
1.595528062438377407e-07
1.599177219313368230e-07
1.602832625564922860e-07
1.606492935151950868e-07
1.610140173110251221e-07
1.613798407007065582e-07
1.617447678780020322e-07
1.621094596008568600e-07
1.624765645334903210e-07
1.628432229191941282e-07
1.632086019073764986e-07
1.635743520425737412e-07
1.639397962392830212e-07
1.643057871256954383e-07
1.646712242603312332e-07
1.650362129653015084e-07
1.654023107318602104e-07
1.657690320869288115e-07
1.661349609915921285e-07
1.665007118153877437e-07
1.668662284609799071e-07
1.672318188011508663e-07
1.675980492936741665e-07
1.679646608239997852e-07
1.683292240113401995e-07
1.686946614304369220e-07
1.690606187286023605e-07
1.694265803600018776e-07
1.697914231620353256e-07
1.701573376772351720e-07
1.705234906750092130e-07
1.708886601072668495e-07
1.712547108734202610e-07
1.716204449726337920e-07
1.719846866516591999e-07
1.723504775348563486e-07
1.727164107868969973e-07
1.730815228055773292e-07
1.734461129732776356e-07
1.738111008582690106e-07
1.741775372053713182e-07
1.745429785386131927e-07
1.749087813324877960e-07
1.752747348947930066e-07
1.756417948332451824e-07
1.760077736483155443e-07
1.763730477589602603e-07
1.767393082875364620e-07
1.771056717738816157e-07
1.774712796689882573e-07
1.778367644327339892e-07
1.782035606736466967e-07
1.785696612416459843e-07
1.789341828884926734e-07
1.793004959147522716e-07
1.796656439612100149e-07
1.800313133346388183e-07
1.803977912787972497e-07
1.807636289965227915e-07
1.811285722986270402e-07
1.814937297436761276e-07
1.818589495112800862e-07
1.822250891643413961e-07
1.825915783832181955e-07
1.829571074121856405e-07
1.833231894032988333e-07
1.836898618601186776e-07
1.840559062588139018e-07
1.844228439751555969e-07
1.847885581049161338e-07
1.851538627681510921e-07
1.855194285940393194e-07
1.858852259323411778e-07
1.862510831324948272e-07
1.866177750332430405e-07
1.869835880701236240e-07
1.873496883243905635e-07
1.877146124452008934e-07
1.880805934966263567e-07
1.884455528010546042e-07
1.888120215151191233e-07
1.891772208524234429e-07
1.895430418130392206e-07
1.899093830661217441e-07
1.902743572001108174e-07
1.906402388461393356e-07
1.910065174271793411e-07
1.913726642699721390e-07
1.917387587293139390e-07
1.921053573849403532e-07
1.924699868030396221e-07
1.928354075890267776e-07
1.932008776215662642e-07
1.935664925596475713e-07
1.939317620034292685e-07
1.942966443005621124e-07
1.946628673522680009e-07
1.950283990856193965e-07
1.953933592492964209e-07
1.957596392299016442e-07
1.961251568401322767e-07
1.964903913900736509e-07
1.968561345345236443e-07
1.972221879356458623e-07
1.975877831831316888e-07
1.979537473407469906e-07
1.983192508733742136e-07
1.986845699826750633e-07
1.990495601631445454e-07
1.994152527178079897e-07
1.997807621515045126e-07
2.001464774678474327e-07
2.005131267878164478e-07
2.008778766415877867e-07
2.012430661113396474e-07
2.016097509980772750e-07
2.019764323268858567e-07
2.023424890399651585e-07
2.027077390805329782e-07
2.030738121483708856e-07
2.034394871193710488e-07
2.038052972785347769e-07
2.041708764802725077e-07
2.045354342381027192e-07
2.049012000642232297e-07
2.052673380382961756e-07
2.056330220765759866e-07
2.059988251528170697e-07
2.063648691875312515e-07
2.067300752199175262e-07
2.070959918162983145e-07
2.074616191746530084e-07
2.078275705511163773e-07
2.081929659274324103e-07
2.085586552517301195e-07
2.089245465387496620e-07
2.092902800984722652e-07
2.096562690032867835e-07
2.100225711717622208e-07
2.103883268464471800e-07
2.107530007277119533e-07
2.111193344784289777e-07
2.114856242447241813e-07
2.118514844632755825e-07
2.122175009261869463e-07
2.125835556758156595e-07
2.129491832178988670e-07
2.133144541750905306e-07
2.136811099644609276e-07
2.140472150878798502e-07
2.144135513577698185e-07
2.147799078090188779e-07
2.151447973668379687e-07
2.155104852655559078e-07
2.158780482055630755e-07
2.162432074434973680e-07
2.166101608306411955e-07
2.169761859650749620e-07
2.173419468302857601e-07
2.177081344983987020e-07
2.180742977939111071e-07
2.184400509363783650e-07
2.188057126685880876e-07
2.191714171110822580e-07
2.195373885541323624e-07
2.199038719543150337e-07
2.202705635536684632e-07
2.206359156729301165e-07
2.210018515590389375e-07
2.213671853549293925e-07
2.217338883928083359e-07
2.220996944999579532e-07
2.224657426522857183e-07
2.228314987702730996e-07
2.231969541876810625e-07
2.235624974051211448e-07
2.239284505654995604e-07
2.242935850537255396e-07
2.246594277922107653e-07
2.250257343603221850e-07
2.253914775623774598e-07
2.257569243349450872e-07
2.261232636964515794e-07
2.264898103401810155e-07
2.268559559146057936e-07
2.272220865536989151e-07
2.275878212810582890e-07
2.279541538615839973e-07
2.283200582672967786e-07
2.286856874298371823e-07
2.290520734647716951e-07
2.294177495288396599e-07
2.297823334284122474e-07
2.301484465665766662e-07
2.305153372789769729e-07
2.308817769482032478e-07
2.312471340928435881e-07
2.316133213113879963e-07
2.319791473075201218e-07
2.323445914781188965e-07
2.327101215810942078e-07
2.330762290125333072e-07
2.334412173875810996e-07
2.338068576244885742e-07
2.341726455808423859e-07
2.345376372937212598e-07
2.349048404075482086e-07
2.352706684921033812e-07
2.356365541225775568e-07
2.360025267682438485e-07
2.363684892288726597e-07
2.367337076857243667e-07
2.371002848651231591e-07
2.374657734396667060e-07
2.378317840461031223e-07
2.381973939582478388e-07
2.385630913219590524e-07
2.389289940053507994e-07
2.392949422759756173e-07
2.396611675304278222e-07
2.400264674849659162e-07
2.403932700437842455e-07
2.407593681958663406e-07
2.411249234570852319e-07
2.414917250770329195e-07
2.418576994595047736e-07
2.422247252327172152e-07
2.425909942778070698e-07
2.429580132447945252e-07
2.433245861415132622e-07
2.436898711268801776e-07
2.440567067650639197e-07
2.444226870175329142e-07
2.447891743796098640e-07
2.451560082112986992e-07
2.455218139352725547e-07
2.458877504525670345e-07
2.462548306965932478e-07
2.466201169708763289e-07
2.469860175674592089e-07
2.473521897440989634e-07
2.477184234380777584e-07
2.480847419314764422e-07
2.484507074034895459e-07
2.488166284378937175e-07
2.491834911915376773e-07
2.495493137334741556e-07
2.499155354368312558e-07
2.502806177074613496e-07
2.506474765836817621e-07
2.510127992013311665e-07
2.513796820795193236e-07
2.517461736232629912e-07
2.521115412960682738e-07
2.524778042363596964e-07
2.528434869137773161e-07
2.532099021542464375e-07
2.535751218020075954e-07
2.539415120619333435e-07
2.543080560860430307e-07
2.546733966003668687e-07
2.550397309707524450e-07
2.554056562827703031e-07
2.557723306349393399e-07
2.561379880887037485e-07
2.565034075572364778e-07
2.568698477975173839e-07
2.572363061874372074e-07
2.576015460649320902e-07
2.579666286917653199e-07
2.583323157111943706e-07
2.586982290242933169e-07
2.590643873361856005e-07
2.594307614746646595e-07
2.597954918340940812e-07
2.601612781203126644e-07
2.605271037800285025e-07
2.608923519550341550e-07
2.612583902931313498e-07
2.616239975384018581e-07
2.619905490829194021e-07
2.623566920757756658e-07
2.627230857785889066e-07
2.630882356106134109e-07
2.634553452387295722e-07
2.638212905361015620e-07
2.641870985162925680e-07
2.645532104836684860e-07
2.649185478393329836e-07
2.652849436105148665e-07
2.656509536723475583e-07
2.660175366356738792e-07
2.663848330118468567e-07
2.667514814080463717e-07
2.671177325737603760e-07
2.674835660340640939e-07
2.678489815848780656e-07
2.682140252825805476e-07
2.685804300969148215e-07
2.689455743002081914e-07
2.693109976682822983e-07
2.696767752489216133e-07
2.700421065853490179e-07
2.704076675880876215e-07
2.707738589248729996e-07
2.711398635730010705e-07
2.715050825157799887e-07
2.718714584506552042e-07
2.722371065223113709e-07
2.726036077713434603e-07
2.729693647330404816e-07
2.733361289545617891e-07
2.737016408280239289e-07
2.740676412429187633e-07
2.744333691366912603e-07
2.747991496700922469e-07
2.751638625751934629e-07
2.755297463527923572e-07
2.758961147171334180e-07
2.762611548586206929e-07
2.766267490231545146e-07
2.769924195652561952e-07
2.773575697946619186e-07
2.777225923534418684e-07
2.780885662762139072e-07
2.784544247748337805e-07
2.788200010281832825e-07
2.791858337323757873e-07
2.795508198731041365e-07
2.799165595870187598e-07
2.802825960835466310e-07
2.806479060521976536e-07
2.810139952184604770e-07
2.813804320581150639e-07
2.817466532811391027e-07
2.821137881165048351e-07
2.824801505127108301e-07
2.828462989509511706e-07
2.832130351860422148e-07
2.835780276681352397e-07
2.839441363889203212e-07
2.843098578758900299e-07
2.846765172213873043e-07
2.850415185302628653e-07
2.854072476855737820e-07
2.857730341014391222e-07
2.861395529526513477e-07
2.865057650782575122e-07
2.868717782652580205e-07
2.872379368732881103e-07
2.876030210813789101e-07
2.879693962231454134e-07
2.883352091022560785e-07
2.887011260735217643e-07
2.890667975053383295e-07
2.894319798948081967e-07
2.897971934076954296e-07
2.901635264423468411e-07
2.905282050515421617e-07
2.908937063429538759e-07
2.912598327794565544e-07
2.916255630652263775e-07
2.919919310204821826e-07
2.923580936860014718e-07
2.927235566288282325e-07
2.930891815091037329e-07
2.934553897468703330e-07
2.938213578426153187e-07
2.941880189189513643e-07
2.945522889130294551e-07
2.949179239200109033e-07
2.952837240390127927e-07
2.956493095618319893e-07
2.960152938067705048e-07
2.963802669776556680e-07
2.967468197122912958e-07
2.971124900034324666e-07
2.974781411031401519e-07
2.978435518327775838e-07
2.982087682257197213e-07
2.985742437368144711e-07
2.989401414619180729e-07
2.993062735409264943e-07
2.996722361781400756e-07
3.000377192069309591e-07
3.004039881108859606e-07
3.007701563980813408e-07
3.011350873737687736e-07
3.015008856690261418e-07
3.018656785561488973e-07
3.022317852829648460e-07
3.025977951057173533e-07
3.029630408342580201e-07
3.033282919548553692e-07
3.036945610213278823e-07
3.040599517454661979e-07
3.044251453892453596e-07
3.047913023421101782e-07
3.051567987379701952e-07
3.055235356891172174e-07
3.058896984676467424e-07
3.062545429799316140e-07
3.066200818359109329e-07
3.069862302768508203e-07
3.073522969078193402e-07
3.077184178171687694e-07
3.080839849335563464e-07
3.084501563650343768e-07
3.088156942529743098e-07
3.091809803367616398e-07
3.095465945139361244e-07
3.099120958947935649e-07
3.102773159747874302e-07
3.106431152263952355e-07
3.110081903560349757e-07
3.113740461767719918e-07
3.117394318109846129e-07
3.121047425645963672e-07
3.124712432835768905e-07
3.128372833204975522e-07
3.132036042862265374e-07
3.135696395005152978e-07
3.139359016353258213e-07
3.143009026926957009e-07
3.146668702218649011e-07
3.150324761802831454e-07
3.153974087072428114e-07
3.157630376595381497e-07
3.161284016553884431e-07
3.164939761333384647e-07
3.168589283629949857e-07
3.172235896639387027e-07
3.175901498958038188e-07
3.179558758219228027e-07
3.183215200302424270e-07
3.186858561640264540e-07
3.190509936347934274e-07
3.194172858955082547e-07
3.197836809979745135e-07
3.201497171681207377e-07
3.205152593393285669e-07
3.208807003698699035e-07
3.212461380071100618e-07
3.216121019227808578e-07
3.219776040318218292e-07
3.223420607995815475e-07
3.227081090877980672e-07
3.230732692471681781e-07
3.234393530578480873e-07
3.238040095079919812e-07
3.241702549935676274e-07
3.245358240838502915e-07
3.249012823644422743e-07
3.252666502798117468e-07
3.256325331338798720e-07
3.259980212434960339e-07
3.263631184895276571e-07
3.267286689046206531e-07
3.270947327884154208e-07
3.274603871331784308e-07
3.278259622179032570e-07
3.281911362177394747e-07
3.285574939233751105e-07
3.289239484626103639e-07
3.292906697163599013e-07
3.296574070661065466e-07
3.300220345422682227e-07
3.303883919313906748e-07
3.307543957681024750e-07
3.311196569924822017e-07
3.314862876706449964e-07
3.318517200897278307e-07
3.322175904449239466e-07
3.325840868632240116e-07
3.329507947958997869e-07
3.333164172090747791e-07
3.336822381917536739e-07
3.340493064861455874e-07
3.344152954441383164e-07
3.347813996590949478e-07
3.351475179365332271e-07
3.355137695938285728e-07
3.358790209873452314e-07
3.362450397579958218e-07
3.366113074972529922e-07
3.369776724804308570e-07
3.373430446885058668e-07
3.377090613406766576e-07
3.380743344688672604e-07
3.384404101831035457e-07
3.388055453656411877e-07
3.391713062026352801e-07
3.395384921981195943e-07
3.399042281183421535e-07
3.402703446805109213e-07
3.406359042929281100e-07
3.410020662513884993e-07
3.413683779873246661e-07
3.417338673993441934e-07
3.420998211809170379e-07
3.424649699676736097e-07
3.428309558649927225e-07
3.431960386946385153e-07
3.435619744418298036e-07
3.439271294150236957e-07
3.442927081038750360e-07
3.446588897068994562e-07
3.450241023060702261e-07
3.453902705853006908e-07
3.457562651781528905e-07
3.461223906822477887e-07
3.464885969501478433e-07
3.468542338953583094e-07
3.472205628761898152e-07
3.475863240285314152e-07
3.479525612283037694e-07
3.483191233625055175e-07
3.486850124037986508e-07
3.490510090285603358e-07
3.494162268420551293e-07
3.497814617017669608e-07
3.501471423963724600e-07
3.505139972831805052e-07
3.508792110424762928e-07
3.512452563618440264e-07
3.516109995726863680e-07
3.519762171452466102e-07
3.523421265938934716e-07
3.527074639448235314e-07
3.530743621653631373e-07
3.534398383505251184e-07
3.538061323773789737e-07
3.541722525423197440e-07
3.545372567374348206e-07
3.549032912928747260e-07
3.552688598164817604e-07
3.556350483558462802e-07
3.560019151381122390e-07
3.563681487141272966e-07
3.567342295779291309e-07
3.571004459824962408e-07
3.574666480717691555e-07
3.578333720512250304e-07
3.581988400548475461e-07
3.585645348002245156e-07
3.589316244057059252e-07
3.592980494622370609e-07
3.596639671321948139e-07
3.600301030577849896e-07
3.603958499440503555e-07
3.607622237081582159e-07
3.611282532957813847e-07
3.614943520781939530e-07
3.618605985005512989e-07
3.622265754444165866e-07
3.625927220971189387e-07
3.629583511968856248e-07
3.633244208971325568e-07
3.636908157304834252e-07
3.640573837224212999e-07
3.644238043373231008e-07
3.647893970846153712e-07
3.651556733602980596e-07
3.655218104398428299e-07
3.658878265198266654e-07
3.662544736796381277e-07
3.666199123817806011e-07
3.669859673178039171e-07
3.673524053791180303e-07
3.677175210884011962e-07
3.680841281666933214e-07
3.684494029355066984e-07
3.688148724967471534e-07
3.691814836400065614e-07
3.695472340480263930e-07
3.699134667476678114e-07
3.702798052190238059e-07
3.706457448078984570e-07
3.710125850464207854e-07
3.713786050769478110e-07
3.717444210224168480e-07
3.721108067541533762e-07
3.724766966067567421e-07
3.728431164901369610e-07
3.732092644112617813e-07
3.735751245886551104e-07
3.739401934876154643e-07
3.743061316859221609e-07
3.746721479372993017e-07
3.750384340269053521e-07
3.754043279731782945e-07
3.757698544482879346e-07
3.761370727958043928e-07
3.765035057509012974e-07
3.768697665732940380e-07
3.772359487374478220e-07
3.776027544294052890e-07
3.779686523035277677e-07
3.783341594095088508e-07
3.787007135897089058e-07
3.790661597686502211e-07
3.794329058736144357e-07
3.797994400922742668e-07
3.801659841859548463e-07
3.805322454840508721e-07
3.808997030926927849e-07
3.812663284826546129e-07
3.816329826852811279e-07
3.819991627079018931e-07
3.823660658925858184e-07
3.827323491810722293e-07
3.830975117079618965e-07
3.834635081645161261e-07
3.838291353900583567e-07
3.841944978458880849e-07
3.845607170819811466e-07
3.849264836473326417e-07
3.852914629534734241e-07
3.856573274507209140e-07
3.860226633964933534e-07
3.863897119312132172e-07
3.867561684242232429e-07
3.871224355500025076e-07
3.874878541245777761e-07
3.878545404654483369e-07
3.882208998860355821e-07
3.885865819478120798e-07
3.889528942828760907e-07
3.893185038225746764e-07
3.896846366535815424e-07
3.900506336820785701e-07
3.904169085330458591e-07
3.907822655950993752e-07
3.911491600640031087e-07
3.915142158604372239e-07
3.918803995261993172e-07
3.922459490356474917e-07
3.926122268416988049e-07
3.929784943799596626e-07
3.933443048542704162e-07
3.937098252006735370e-07
3.940753082866078043e-07
3.944410968030735079e-07
3.948070468395215692e-07
3.951732513115112935e-07
3.955392144306293942e-07
3.959055255036137313e-07
3.962724502439120121e-07
3.966382042618172289e-07
3.970038915984464600e-07
3.973701135394808464e-07
3.977360736435593897e-07
3.981024372230378013e-07
3.984683186175339036e-07
3.988348835675057319e-07
3.992000569404739882e-07
3.995659894516703458e-07
3.999321511236004002e-07
