2.004372096351805598e-10
5.493006041383379107e-10
9.155747782361413274e-10
1.281561647569726586e-09
1.647522116670123902e-09
2.013714884908002848e-09
2.379444120743394615e-09
2.745362235693890640e-09
3.111229440033096536e-09
3.476905413640289285e-09
3.842571202756063094e-09
4.208524714326652104e-09
4.574632500626354314e-09
4.940606338775444917e-09
5.306855404052304257e-09
5.672882444971654580e-09
6.038741482505837115e-09
6.404612404050309528e-09
6.770551248969263410e-09
7.136499357304902006e-09
7.502759636414411823e-09
7.868843974072763949e-09
8.234735374008003872e-09
8.600712080548395858e-09
8.966829778392694592e-09
9.332755759239934001e-09
9.698826949234793369e-09
1.006485428720135302e-08
1.043111998430536732e-08
1.079740262607127537e-08
1.116382464254176680e-08
1.152973097112603976e-08
1.189558866794492885e-08
1.226164350917950754e-08
1.262767732928861296e-08
1.299317641497448464e-08
1.335944334082645841e-08
1.372578808942257374e-08
1.409186691969119858e-08
1.445784574928860395e-08
1.482404666931178879e-08
1.518990360394797233e-08
1.555588607021182214e-08
1.592185226834908477e-08
1.628768089540359145e-08
1.665349991393143461e-08
1.701935057261526698e-08
1.738543106750415333e-08
1.775145952519646127e-08
1.811723378585647988e-08
1.848297417636008718e-08
1.884860008624399185e-08
1.921441976616484608e-08
1.958061332595774414e-08
1.994681559250850047e-08
2.031281661868440109e-08
2.067872194663344699e-08
2.104492263121394430e-08
2.141123547286684429e-08
2.177695607117644946e-08
2.214260513579383888e-08
2.250862798658475219e-08
2.287448527633744746e-08
2.324035578710973936e-08
2.360631422542765510e-08
2.397237194866838460e-08
2.433830177061311457e-08
2.470404619549196713e-08
2.506998417814857200e-08
2.543586659058866399e-08
2.580187382494686184e-08
2.616816565378824616e-08
2.653431148725900942e-08
2.690015014359316857e-08
2.726591691626589041e-08
2.763175895939282838e-08
2.799773005904690193e-08
2.836387551403638489e-08
2.872946715049997564e-08
2.909551103028345701e-08
2.946129349544015446e-08
2.982711100974163856e-08
3.019329302967378946e-08
3.055934379159801843e-08
3.092535689378090238e-08
3.129105270738149575e-08
3.165685482670105621e-08
3.202290588043360152e-08
3.238910879276739212e-08
3.275521464142215781e-08
3.312137899084043813e-08
3.348721802948911857e-08
3.385295487326171027e-08
3.421897120210594325e-08
3.458462676462372369e-08
3.495072097093486529e-08
3.531675413507518492e-08
3.568284062265084035e-08
3.604901339391516846e-08
3.641511065351745837e-08
3.678068598217369144e-08
3.714651590613667222e-08
3.751231484752200241e-08
3.787841065098107208e-08
3.824433090701275399e-08
3.861031525077177114e-08
3.897642504613239635e-08
3.934250293150726223e-08
3.970808369326437000e-08
4.007402850415589059e-08
4.043998602153863071e-08
4.080597954884322846e-08
4.117203497536432558e-08
4.153791658968784470e-08
4.190414234513669823e-08
4.227019927547357834e-08
4.263595036355269125e-08
4.300217183854350174e-08
4.336827510569486883e-08
4.373446135349219811e-08
4.410009888541364722e-08
4.446592293016245895e-08
4.483204899193269916e-08
4.519808741380677952e-08
4.556408993193502554e-08
4.592983445211885226e-08
4.629567184241500050e-08
4.666159977694952633e-08
4.702761803379723660e-08
4.739327786271907618e-08
4.775940370305108118e-08
4.812552140587401459e-08
4.849153296365033057e-08
4.885746436504087353e-08
4.922396180969823176e-08
4.959011317426723737e-08
4.995589985137594162e-08
5.032195587551148644e-08
5.068787863291811041e-08
5.105390217921823228e-08
5.141978703708965515e-08
5.178583611762045615e-08
5.215164098085025674e-08
5.251762987316765090e-08
5.288330948757207007e-08
5.324913526403720553e-08
5.361499546295456825e-08
5.398098752371838473e-08
5.434706457371743547e-08
5.471288869226605737e-08
5.507849662876750345e-08
5.544465883147798922e-08
5.581060012851877465e-08
5.617654656517079775e-08
5.654249653383635114e-08
5.690827321266447615e-08
5.727419235870042281e-08
5.764007229580676359e-08
5.800606649204485162e-08
5.837203900683732013e-08
5.873807826968006829e-08
5.910424450678495682e-08
5.947021199617856841e-08
5.983616627304480334e-08
6.020231520384732282e-08
6.056818792793709424e-08
6.093412001602891410e-08
6.130021714345619260e-08
6.166596835755880631e-08
6.203204016985332856e-08
6.239801900680998945e-08
6.276431983040576777e-08
6.313043200989770132e-08
6.349647465155674882e-08
6.386254204585244820e-08
6.422887952101714918e-08
6.459478084122832284e-08
6.496085122233971382e-08
6.532635006948516778e-08
6.569229258777372876e-08
6.605797847119998949e-08
6.642393625751948878e-08
6.678988243780369594e-08
6.715594344809243412e-08
6.752188305352998069e-08
6.788809583258095647e-08
6.825401098823681386e-08
6.861987892203020643e-08
6.898580245631907144e-08
6.935153174887210286e-08
6.971803821601090622e-08
7.008413426579581919e-08
7.045009487441240953e-08
7.081623791066090064e-08
7.118236608015738729e-08
7.154839154356330540e-08
7.191456488698539934e-08
7.228102107809837724e-08
7.264712685493906916e-08
7.301321228041440779e-08
7.337908859900739314e-08
7.374536208227359975e-08
7.411142917647673587e-08
7.447738262179782909e-08
7.484347202046265715e-08
7.520945548277625333e-08
7.557539504061229527e-08
7.594148744359761105e-08
7.630735932883837491e-08
7.667324863578793371e-08
7.703912160028238447e-08
7.740470625544616090e-08
7.777103953366721681e-08
7.813671307622833104e-08
7.850287562509006050e-08
7.886860740808211072e-08
7.923437772050150896e-08
7.960027117111782276e-08
7.996605741602107691e-08
8.033198307563576615e-08
8.069797573586032393e-08
8.106340230022315699e-08
8.142930262666872774e-08
8.179540732181860722e-08
8.216162253409565550e-08
8.252767726044998120e-08
8.289359628192021708e-08
8.325926013896373046e-08
8.362511670527804613e-08
8.399092670542233662e-08
8.435723574323652179e-08
8.472337160519177234e-08
8.508904353795700296e-08
8.545481760241580545e-08
8.582084300551839078e-08
8.618677828692569233e-08
8.655278423199597630e-08
8.691894991191891283e-08
8.728486824047935192e-08
8.765089787106994774e-08
8.801673177381137295e-08
8.838285957013699942e-08
8.874869069935861257e-08
8.911442941411654622e-08
8.948053918897845133e-08
8.984662749492693025e-08
9.021280736117851799e-08
9.057906022052013017e-08
9.094503925702781403e-08
9.131104982526754423e-08
9.167695597802025619e-08
9.204291932884838855e-08
9.240839194685640701e-08
9.277440865378459567e-08
9.314041431755313352e-08
9.350619578043213258e-08
9.387156248771366427e-08
9.423765463685192756e-08
9.460345911730446879e-08
9.496926167186850782e-08
9.533542908476690901e-08
9.570136809245723547e-08
9.606745868405195270e-08
9.643307771111548825e-08
9.679902155170436415e-08
9.716466938572485517e-08
9.753070510276867138e-08
9.789629101581581446e-08
9.826218683425240768e-08
9.862826935019715400e-08
9.899399380854691406e-08
9.936010196942433118e-08
9.972595058294875353e-08
1.000918695000270359e-07
1.004580608457225124e-07
1.008244464499731043e-07
1.011901841064547308e-07
1.015560263181836531e-07
1.019218841377595133e-07
1.022879889617986244e-07
1.026538248289349078e-07
1.030193708739127931e-07
1.033851770227413151e-07
1.037511125887723333e-07
1.041173914822223626e-07
1.044834191144123743e-07
1.048490587354049368e-07
1.052148591134284559e-07
1.055805838425330123e-07
1.059462996964988083e-07
1.063126721854475755e-07
1.066787046059519619e-07
1.070446552387864320e-07
1.074105626116914280e-07
1.077766869046940918e-07
1.081426669274104285e-07
1.085086332791047027e-07
1.088744770703925499e-07
1.092405255481367678e-07
1.096063432859963690e-07
1.099726072340368497e-07
1.103383615924443482e-07
1.107043556849725824e-07
1.110701991760758177e-07
1.114363673142549018e-07
1.118023833190676205e-07
1.121681555244811817e-07
1.125344228245640112e-07
1.129001026567691752e-07
1.132662837482582093e-07
1.136322320296160066e-07
1.139981640755173668e-07
1.143640249635862279e-07
1.147301545504749848e-07
1.150962425199021177e-07
1.154621525729531503e-07
1.158280090426673553e-07
1.161937456506884630e-07
1.165597034488903787e-07
1.169256188292073919e-07
1.172911840119993139e-07
1.176572636887761904e-07
1.180231938654349194e-07
1.183890985498717536e-07
1.187552064430094412e-07
1.191215045410541670e-07
1.194874472744213075e-07
1.198535331051506526e-07
1.202196094283729750e-07
1.205856772647959310e-07
1.209518803686138873e-07
1.213179184391476148e-07
1.216836874807767437e-07
1.220497214252400580e-07
1.224155844943347300e-07
1.227810750731560388e-07
1.231465712097200271e-07
1.235127283995911760e-07
1.238787074286956198e-07
1.242443695186248526e-07
1.246103397937334662e-07
1.249763877237800924e-07
1.253424335197904972e-07
1.257084286702626708e-07
1.260747469711007490e-07
1.264407437106055670e-07
1.268063635662616925e-07
1.271722927476614466e-07
1.275385444250306790e-07
1.279045715407581272e-07
1.282702624083311521e-07
1.286365287328139135e-07
1.290025355603171794e-07
1.293684114790952612e-07
1.297345276363478960e-07
1.301003921952858543e-07
1.304662911537739828e-07
1.308323654083560566e-07
1.311984736145941924e-07
1.315644887421996195e-07
1.319302383117287253e-07
1.322962926044326884e-07
1.326624894044607212e-07
1.330286596234222314e-07
1.333944292894354769e-07
1.337605663847465479e-07
1.341262526352123017e-07
1.344923015754703372e-07
1.348583116324350512e-07
1.352240053763800549e-07
1.355898735766725253e-07
1.359560346035843963e-07
1.363217973916221622e-07
1.366878463875353710e-07
1.370536151792769161e-07
1.374195911392485581e-07
1.377855359944430385e-07
1.381512001628078735e-07
1.385172421663445652e-07
1.388834523811128252e-07
1.392494716624063864e-07
1.396157230461874877e-07
1.399819263295092750e-07
1.403480599203033712e-07
1.407140349408982429e-07
1.410803449936095839e-07
1.414465497756084700e-07
1.418121676124570158e-07
1.421781141926170468e-07
1.425439533300339445e-07
1.429095771281516393e-07
1.432754561290134185e-07
1.436415686671995721e-07
1.440074637081960274e-07
1.443735090192792493e-07
1.447395322999716434e-07
1.451055923523435291e-07
1.454718485706964141e-07
1.458377916407072041e-07
1.462037875782657122e-07
1.465700165391955250e-07
1.469361065130118841e-07
1.473023481843790577e-07
1.476683958202595057e-07
1.480346231288472612e-07
1.484004648005698229e-07
1.487667517386954163e-07
1.491327301450145446e-07
1.494985296605853714e-07
1.498645589489808372e-07
1.502304671585223112e-07
1.505966861356065149e-07
1.509626418752336598e-07
1.513286009855109455e-07
1.516947677483669344e-07
1.520606794178679561e-07
1.524260881770932739e-07
1.527920883334561828e-07
1.531577856636320914e-07
1.535237918757701034e-07
1.538896124753258318e-07
1.542557600946709977e-07
1.546216083852715073e-07
1.549874657804118764e-07
1.553533122054487629e-07
1.557195978134530288e-07
1.560856895976040275e-07
1.564517917015162469e-07
1.568176877679108299e-07
1.571838790083392223e-07
1.575497924402659590e-07
1.579158881984820675e-07
1.582815876476030349e-07
1.586475395638455875e-07
1.590137937093422762e-07
1.593797362037371627e-07
1.597458810760343873e-07
1.601120526797374564e-07
1.604781067262899393e-07
1.608437187064442884e-07
1.612096764085309139e-07
1.615755723002052580e-07
1.619416832295934387e-07
1.623080440531743733e-07
1.626742306216443673e-07
1.630403113818237114e-07
1.634063658918152894e-07
1.637723775592135970e-07
1.641383584451306488e-07
1.645042583901856855e-07
1.648703057721653607e-07
1.652364327434544929e-07
1.656026102268852315e-07
1.659683989267933899e-07
1.663342690158940261e-07
1.667002516278698833e-07
1.670664275183448651e-07
1.674325278243872229e-07
1.677984770287648299e-07
1.681645476748995422e-07
1.685304932648724462e-07
1.688966307948997781e-07
1.692625096816267263e-07
1.696288088361055685e-07
1.699949499387108517e-07
1.703610798551051924e-07
1.707270011007257115e-07
1.710929526577451116e-07
1.714588569779948097e-07
1.718248320152260966e-07
1.721909081456156775e-07
1.725567822755048822e-07
1.729227758528085179e-07
1.732888696818137830e-07
1.736546904214703491e-07
1.740204332524635978e-07
1.743866081282327869e-07
1.747524040529244302e-07
1.751184953836307137e-07
1.754847710056064077e-07
1.758505983507369428e-07
1.762165000485469870e-07
1.765821145484796703e-07
1.769478015027148451e-07
1.773138071529028772e-07
1.776798026042492799e-07
1.780458291685586764e-07
1.784119426786114814e-07
1.787777914060896946e-07
1.791436817823652774e-07
1.795096235142805600e-07
1.798757856957109113e-07
1.802418367813813236e-07
1.806079022271544505e-07
1.809740320961362014e-07
1.813399230258471771e-07
1.817057213486246987e-07
1.820718251921913700e-07
1.824374703270059287e-07
1.828036611583867319e-07
1.831697607470507875e-07
1.835357746804567289e-07
1.839018416025171739e-07
1.842680347303674833e-07
1.846339151614460880e-07
1.849997645726093533e-07
1.853657717693283782e-07
1.857317107944571013e-07
1.860975869494746838e-07
1.864636157441851225e-07
1.868296967298735157e-07
1.871958015097500097e-07
1.875615563018807951e-07
1.879274650908402919e-07
1.882934916945192504e-07
1.886597982552524572e-07
1.890257470256617864e-07
1.893921864708020275e-07
1.897583038951899846e-07
1.901241481901836160e-07
1.904899936462070816e-07
1.908560464538649031e-07
1.912218193338482640e-07
1.915877216295288113e-07
1.919540022713963511e-07
1.923198013236874307e-07
1.926861928601214499e-07
1.930522252589284654e-07
1.934184828761021320e-07
1.937845734166426663e-07
1.941508393496554927e-07
1.945164974685060421e-07
1.948821874885729196e-07
1.952482380004805246e-07
1.956142152155566564e-07
1.959802009138543139e-07
1.963462037855827437e-07
1.967120044820041609e-07
1.970779886536762852e-07
1.974436785284752387e-07
1.978097316691165084e-07
1.981755555918013410e-07
1.985414871845818967e-07
1.989075317633636576e-07
1.992736783021525191e-07
1.996395605784644737e-07
2.000054447438507214e-07
2.003712132386818339e-07
2.007369512896542061e-07
2.011029639950279689e-07
2.014687402686244543e-07
2.018347714123226654e-07
2.022009902076414601e-07
2.025669086788566206e-07
2.029329059455045848e-07
2.032991361843389232e-07
2.036650774836170932e-07
2.040313197860840048e-07
2.043975877946361366e-07
2.047633601091647865e-07
2.051291618147145227e-07
2.054951507573091985e-07
2.058614852226279247e-07
2.062273873038078337e-07
2.065932178117852284e-07
2.069593097867024728e-07
2.073253122275567567e-07
2.076912116739385363e-07
2.080570747159098633e-07
2.084231458193358528e-07
2.087891751178957405e-07
2.091551823859523037e-07
2.095214267791921171e-07
2.098873650650470805e-07
2.102531432278414199e-07
2.106188539962576642e-07
2.109850400227186603e-07
2.113509099085983047e-07
2.117170260452152846e-07
2.120828787985989033e-07
2.124490001262144194e-07
2.128147350418488622e-07
2.131805559623299160e-07
2.135463993666032877e-07
2.139124918293287652e-07
2.142786720332456037e-07
2.146448058418692571e-07
2.150104039067278030e-07
2.153760742601274572e-07
2.157422054072842019e-07
2.161083596451749876e-07
2.164743708711325985e-07
2.168402608693177140e-07
2.172064269312220431e-07
2.175723223699905702e-07
2.179383576259897739e-07
2.183044164557586975e-07
2.186700903311801093e-07
2.190361955260997829e-07
2.194023600943757001e-07
2.197681931189560878e-07
2.201340189869524307e-07
2.205000194656687360e-07
2.208658230601764569e-07
2.212315129968282444e-07
2.215975319274046904e-07
2.219634544722144553e-07
2.223292947544659703e-07
2.226949972192381588e-07
2.230610640222382762e-07
2.234270434278960608e-07
2.237929935449826910e-07
2.241586478132691343e-07
2.245247313715830679e-07
2.248907985406963685e-07
2.252566720384329732e-07
2.256227517698972879e-07
2.259890007688538439e-07
2.263547681816555294e-07
2.267207651047257807e-07
2.270872107195472836e-07
2.274530169999445995e-07
2.278192193269669570e-07
2.281852117139179866e-07
2.285508913786823526e-07
2.289168137642267624e-07
2.292829097745424547e-07
2.296492964395893562e-07
2.300152944412345696e-07
2.303811706596846760e-07
2.307472387913021875e-07
2.311134442118599690e-07
2.314792183564232332e-07
2.318451066693174508e-07
2.322111026636590889e-07
2.325773034669348194e-07
2.329432873028821527e-07
2.333091350041700507e-07
2.336750879623525697e-07
2.340411614981277144e-07
2.344073121936082888e-07
2.347731401732924976e-07
2.351391698892104529e-07
2.355050150480249599e-07
2.358709954151954767e-07
2.362370463145548513e-07
2.366030860235218258e-07
2.369692596615001433e-07
2.373351418905245249e-07
2.377007712985484439e-07
2.380669686230281227e-07
2.384328490311346116e-07
2.387988284816744220e-07
2.391650269804729291e-07
2.395310036669602677e-07
2.398970858291356553e-07
2.402632085027362348e-07
2.406290741288850435e-07
2.409950170616651406e-07
2.413610174183483239e-07
2.417269818495092366e-07
2.420929397891112327e-07
2.424589806601263074e-07
2.428251735836489765e-07
2.431912207096365015e-07
2.435571454336918390e-07
2.439229890821023937e-07
2.442889493587738527e-07
2.446547658686758936e-07
2.450206051863147210e-07
2.453866212730518443e-07
2.457524974983717849e-07
2.461181856468739433e-07
2.464838841994707284e-07
2.468497460189278994e-07
2.472156770675672371e-07
2.475814251485879275e-07
2.479474434290302699e-07
2.483132803782554448e-07
2.486792651629847642e-07
2.490450458157613863e-07
2.494108339242283657e-07
2.497769327965653928e-07
2.501427214530409839e-07
2.505084436842665150e-07
2.508747454252738846e-07
2.512409639950759011e-07
2.516067924841282696e-07
2.519727230028002150e-07
2.523385099673496756e-07
2.527043031583044474e-07
2.530703095410633500e-07
2.534362390579476817e-07
2.538020656008872203e-07
2.541680434177955076e-07
2.545341128387307843e-07
2.549003418979298392e-07
2.552664631249511401e-07
2.556326002754153321e-07
2.559986994689232182e-07
2.563647355762111804e-07
2.567311324499340285e-07
2.570971366175750368e-07
2.574628683725207541e-07
2.578290571579711090e-07
2.581952397879449449e-07
2.585611565050839118e-07
2.589267247623124251e-07
2.592929449759362474e-07
2.596587273258034129e-07
2.600246346496808845e-07
2.603906803230178105e-07
2.607566691710134116e-07
2.611225535193675638e-07
2.614884842121013388e-07
2.618543884868624295e-07
2.622207508640414175e-07
2.625863412604203185e-07
2.629521688945549747e-07
2.633183080121171319e-07
2.636840648422776657e-07
2.640501110713515848e-07
2.644159339038963323e-07
2.647814842759456020e-07
2.651475047653862904e-07
2.655130394218038383e-07
2.658791333703997529e-07
2.662449009011757373e-07
2.666111585682528529e-07
2.669773364459975720e-07
2.673427946796498477e-07
2.677089971669611202e-07
2.680749956516247807e-07
2.684407908155574617e-07
2.688065379748854445e-07
2.691722694657187185e-07
2.695379673257368967e-07
2.699039742160734637e-07
2.702700045855025371e-07
2.706360873366047921e-07
2.710019258014240078e-07
2.713679280741410341e-07
2.717338593200522805e-07
2.720998539686890642e-07
2.724658608322857540e-07
2.728321481142786661e-07
2.731979670188244288e-07
2.735637874166291911e-07
2.739297990389081182e-07
2.742956996225196416e-07
2.746618679905875042e-07
2.750278170156065993e-07
2.753937629590411112e-07
2.757595399414971826e-07
2.761256034996397047e-07
2.764918460006314456e-07
2.768578511362853170e-07
2.772238494304657730e-07
2.775896431229836930e-07
2.779552745174816942e-07
2.783217990840817656e-07
2.786880836003265517e-07
2.790539462040812806e-07
2.794202364210246143e-07
2.797861719155908673e-07
2.801522221819371093e-07
2.805184754873103897e-07
2.808844512726334994e-07
2.812507551836890403e-07
2.816165636672955497e-07
2.819828006989100527e-07
2.823487963230652057e-07
2.827146293508570129e-07
2.830806927793311787e-07
2.834468008302600002e-07
2.838127534165595595e-07
2.841786240164626469e-07
2.845444339857240235e-07
2.849105580573053133e-07
2.852764272900591074e-07
2.856423253121773002e-07
2.860081955470918260e-07
2.863738537250409230e-07
2.867397230881841102e-07
2.871056077356044732e-07
2.874716340466087993e-07
2.878373341692092630e-07
2.882035054957490169e-07
2.885692281444964635e-07
2.889351825439233565e-07
2.893010811884032425e-07
2.896673243759461038e-07
2.900334556263034105e-07
2.903994690063745971e-07
2.907652479678815923e-07
2.911310990433931305e-07
2.914968154927165476e-07
2.918626199601332253e-07
2.922287312572309022e-07
2.925947937516208506e-07
2.929608624664607274e-07
2.933264823694601449e-07
2.936925155938646418e-07
2.940585593274248619e-07
2.944244726898505601e-07
2.947904108287916292e-07
2.951560392811681749e-07
2.955224528213269690e-07
2.958885187484072982e-07
2.962546469431654043e-07
2.966206676203491985e-07
2.969867423103528734e-07
2.973528742133498601e-07
2.977186536294074514e-07
2.980847403524888123e-07
2.984507251499972118e-07
2.988168796188477565e-07
2.991831634124937646e-07
2.995493134682482852e-07
2.999150515990153432e-07
3.002811050955426937e-07
3.006470220234238284e-07
3.010128459092503400e-07
3.013785035827791408e-07
3.017447337135159551e-07
3.021107078882656843e-07
3.024766180562255242e-07
3.028429005930012700e-07
3.032087691562361350e-07
3.035745929641442445e-07
3.039407743163174222e-07
3.043066702128981782e-07
3.046728434250020941e-07
3.050391339980887949e-07
3.054047738532209708e-07
3.057709034246106923e-07
3.061369775075434187e-07
3.065026209771611628e-07
3.068689809233247284e-07
3.072352979676296105e-07
3.076014463404733958e-07
3.079676636781542351e-07
3.083337281250903875e-07
3.086999138280480340e-07
3.090657910256870475e-07
3.094315554036642595e-07
3.097974163350069618e-07
3.101632526921400659e-07
3.105291884242108632e-07
3.108952212042201067e-07
3.112609550950799439e-07
3.116268584344425398e-07
3.119927325704580955e-07
3.123585990196652191e-07
3.127244517053717788e-07
3.130905527789434597e-07
3.134565501856660564e-07
3.138228955843215031e-07
3.141888102573462457e-07
3.145547219139746430e-07
3.149210569981414374e-07
3.152869947858866588e-07
3.156530675878097956e-07
3.160189513206811151e-07
3.163846582395115234e-07
3.167506640429654822e-07
3.171167249031871534e-07
3.174827247785934158e-07
3.178485632982176220e-07
3.182144307161288935e-07
3.185801200882407655e-07
3.189459755718275401e-07
3.193121984928390771e-07
3.196781056810445288e-07
3.200442668651938787e-07
3.204101426806281175e-07
3.207762327069958830e-07
3.211423170053358474e-07
3.215082383760405276e-07
3.218741730422531332e-07
3.222400193778145678e-07
3.226058687989557754e-07
3.229719946186125333e-07
3.233376416940922561e-07
3.237035816020917581e-07
3.240697471558434197e-07
3.244359351582422022e-07
3.248020174143051569e-07
3.251678132313797554e-07
3.255338029404159523e-07
3.259001269052412702e-07
3.262660373359174842e-07
3.266323182325545351e-07
3.269983713465352839e-07
3.273642536633762034e-07
3.277303504414893311e-07
3.280963834020362358e-07
3.284622077551494368e-07
3.288279366099656746e-07
3.291940119491085070e-07
3.295599919585376496e-07
3.299261021110929091e-07
3.302923811446532522e-07
3.306583247864872234e-07
3.310241989752934194e-07
3.313900636945786321e-07
3.317558012256790801e-07
3.321217510364642764e-07
3.324876086560381216e-07
3.328536396579258385e-07
3.332195658708939438e-07
3.335855681769136056e-07
3.339517614508788454e-07
3.343177695616153477e-07
3.346837301844979714e-07
3.350496517351976822e-07
3.354156125088041543e-07
3.357816547026366178e-07
3.361475906379522297e-07
3.365135174533668542e-07
3.368797543727014226e-07
3.372459343171595756e-07
3.376120481527853492e-07
3.379779438823817653e-07
3.383440026709439125e-07
3.387098632572665373e-07
3.390760329217924410e-07
3.394420062284214379e-07
3.398079346302463456e-07
3.401741412573225159e-07
3.405399863166742849e-07
3.409059074925299411e-07
3.412717395896810376e-07
3.416378364310933610e-07
3.420036619478571427e-07
3.423694457736168559e-07
3.427354568022561830e-07
3.431013199432272121e-07
3.434672058336737192e-07
3.438329881390518025e-07
3.441987308362672351e-07
3.445646327053768815e-07
3.449304774249996702e-07
3.452965630132956921e-07
3.456624064276823725e-07
3.460284389222657591e-07
3.463946656699535114e-07
3.467607873316237871e-07
3.471266481270562414e-07
3.474925490582235942e-07
3.478585321848524615e-07
3.482244735181811972e-07
3.485906174313283820e-07
3.489567513948320099e-07
3.493227361756547074e-07
3.496885780408274446e-07
3.500543857528241026e-07
3.504201507078160930e-07
3.507861681759836440e-07
3.511524847677925672e-07
3.515183707380624534e-07
3.518847096003301352e-07
3.522506630049865001e-07
3.526166752520036301e-07
3.529825399766449498e-07
3.533482811590278771e-07
3.537147097228932720e-07
3.540806554660657958e-07
3.544468318447881443e-07
3.548127361996609759e-07
3.551788604750123466e-07
3.555444943466482494e-07
3.559106050245848001e-07
3.562761224381240590e-07
3.566421384006823406e-07
3.570079766615060588e-07
3.573738844024274018e-07
3.577395845440313674e-07
3.581060764325153798e-07
3.584719340633727627e-07
3.588377356870738904e-07
3.592036388897958311e-07
3.595695127943002358e-07
3.599354469176860068e-07
3.603014312604955264e-07
3.606676906731740857e-07
3.610335185389256133e-07
3.613996359077323801e-07
3.617656089900233774e-07
3.621314678966958673e-07
3.624976623326797200e-07
3.628638589130155172e-07
3.632297292986502386e-07
3.635957721417010572e-07
3.639616820753507257e-07
3.643278419224397748e-07
3.646937940387179988e-07
3.650596987164407204e-07
3.654259314587626467e-07
3.657918083762934760e-07
3.661581773292013095e-07
3.665240423105470811e-07
3.668897781748191437e-07
3.672559436731651096e-07
3.676218617660397958e-07
3.679879155067739977e-07
3.683538329754461764e-07
3.687197582611275566e-07
3.690857196748107278e-07
3.694516490130034007e-07
3.698178285262260159e-07
3.701840214840696130e-07
3.705497743762263266e-07
3.709159420434077772e-07
3.712820950119702195e-07
3.716479764061860598e-07
3.720137772774966196e-07
3.723797886817203610e-07
3.727454848691248129e-07
3.731113425042134430e-07
3.734774135816409208e-07
3.738434191909077589e-07
3.742091731168281623e-07
3.745753325806495200e-07
3.749413397310303369e-07
3.753070190462269585e-07
3.756728848853608782e-07
3.760388250917961868e-07
3.764047560156211433e-07
3.767708077051276323e-07
3.771368583828653361e-07
3.775028077910470376e-07
3.778687664535191269e-07
3.782348595037151576e-07
3.786007049331184689e-07
3.789667156721153031e-07
3.793325550250078006e-07
3.796981376996766474e-07
3.800642292849918233e-07
3.804300220011488410e-07
3.807961964336700034e-07
3.811620805891715354e-07
3.815277742538580781e-07
3.818935451700700633e-07
3.822593400506784820e-07
3.826250376813139970e-07
3.829909125960351050e-07
3.833572371119856923e-07
3.837229535724505572e-07
3.840887560990506902e-07
3.844548353933911588e-07
3.848208469848380866e-07
3.851870614626169468e-07
3.855530527203264681e-07
3.859188291283913927e-07
3.862850262424365619e-07
3.866509145520688821e-07
3.870166763530582017e-07
3.873825840319777917e-07
3.877482499188533099e-07
3.881139078009122520e-07
3.884796597248077099e-07
3.888456545762477393e-07
3.892116194784497092e-07
3.895776826335396502e-07
3.899436689403613941e-07
3.903098427963019354e-07
3.906758240149386906e-07
3.910415660624435361e-07
3.914074524065658131e-07
3.917734372639783943e-07
3.921397204822870139e-07
3.925059289454903741e-07
3.928718798378478645e-07
3.932377816715775799e-07
3.936038666395708869e-07
3.939698711955947656e-07
3.943355381990680254e-07
3.947013928250643282e-07
3.950673669550263963e-07
3.954331652676325875e-07
3.957990186115642682e-07
3.961648753024111148e-07
3.965306942323716247e-07
3.968965331586807539e-07
3.972625452851702836e-07
3.976287056570265250e-07
3.979943873181813203e-07
3.983602622724867660e-07
3.987263603853495416e-07
3.990921268968045420e-07
3.994582061907926448e-07
3.998238618736065077e-07
