2.079379198548762500e-10
5.671951509860046363e-10
9.334673821018717223e-10
1.299194920491657891e-09
1.663060359236564402e-09
2.029987540735024151e-09
2.394477689807960544e-09
2.758821755254960074e-09
3.126525354135309275e-09
3.491047698116189985e-09
3.856408316841012012e-09
4.222544189492147946e-09
4.588633091052727554e-09
4.952740605121312352e-09
5.317423400906276321e-09
5.683142273785926111e-09
6.049021391785758506e-09
6.415547344599689975e-09
6.781468658042141224e-09
7.147320956763653187e-09
7.512371694199634912e-09
7.876500063841989354e-09
8.243665520779915334e-09
8.609260328713435666e-09
8.978533782382205199e-09
9.345297181048429330e-09
9.710080437249989178e-09
1.007515488284048293e-08
1.044027568534979397e-08
1.080452409614079247e-08
1.117212065742030008e-08
1.153682058083772921e-08
1.190239285676220809e-08
1.226754658746112359e-08
1.263313371475869311e-08
1.299939039214456169e-08
1.336488842982582511e-08
1.373040265732990681e-08
1.409655607976259242e-08
1.446344439172965592e-08
1.482713492685760424e-08
1.519337886396372025e-08
1.555931528653800956e-08
1.592286880255383171e-08
1.628876679600069713e-08
1.665507856591615966e-08
1.701977695050718785e-08
1.738622162519303507e-08
1.774928823506550456e-08
1.811545433743095965e-08
1.847998631276654475e-08
1.884437328291801037e-08
1.921028653275768068e-08
1.957484731035753630e-08
1.994060186795927164e-08
2.030549757537439506e-08
2.066997848593191819e-08
2.103629807442144262e-08
2.140401393245845515e-08
2.176915204985183962e-08
2.213344729173015500e-08
2.249991909087981295e-08
2.286609651456913253e-08
2.323098251662542777e-08
2.359600909041780040e-08
2.396270450697822238e-08
2.432755007992168126e-08
2.469332029947580508e-08
2.505958542933852560e-08
2.542707278577581545e-08
2.579415024838362454e-08
2.616017723080637081e-08
2.652664720474288482e-08
2.689413772492183851e-08
2.726045805525647655e-08
2.762600520937846826e-08
2.799183071261239081e-08
2.835692882219864662e-08
2.872381140190766949e-08
2.908778444433549074e-08
2.945417175802929784e-08
2.982076639106080252e-08
3.018604158318849022e-08
3.055279388185299524e-08
3.091839209224865615e-08
3.128354098309894647e-08
3.165121582215247513e-08
3.201819033986496577e-08
3.238498235096439861e-08
3.275120812642666206e-08
3.311770545775338100e-08
3.348287950621048768e-08
3.384920174663674800e-08
3.421609033323346421e-08
3.458064793515501293e-08
3.494798447379189372e-08
3.531488281663444787e-08
3.568067249603901934e-08
3.604678687961876437e-08
3.641379613027067506e-08
3.677855546389454919e-08
3.714430405216973454e-08
3.750835923582593625e-08
3.787317576066097505e-08
3.824037275157413712e-08
3.860588575395566128e-08
3.897058354493539888e-08
3.933735724939142240e-08
3.970317846929359376e-08
4.007013818810658724e-08
4.043736070554776228e-08
4.080205033716112690e-08
4.116689828911493144e-08
4.153427047241816714e-08
4.190065586903289263e-08
4.226610137733295362e-08
4.263272423694580047e-08
4.299853657689560268e-08
4.336383454291668343e-08
4.372885166885216469e-08
4.409467305042132076e-08
4.445914605202088727e-08
4.482408458007145423e-08
4.519042638749087178e-08
4.555696392646189390e-08
4.592292493165774843e-08
4.628991693240088419e-08
4.665485903456532472e-08
4.702042839945133879e-08
4.738670065624533021e-08
4.775212152497857187e-08
4.811668317989359339e-08
4.848341496670373178e-08
4.884737530573563342e-08
4.921452934624929410e-08
4.957985314459422243e-08
4.994722390081081641e-08
5.031316847680452326e-08
5.067818261807582955e-08
5.104377690866099827e-08
5.141049808550351756e-08
5.177720162125981139e-08
5.214416030438680687e-08
5.251008934005746727e-08
5.287523026797177938e-08
5.323958051161604364e-08
5.360635939211845352e-08
5.397402187826729464e-08
5.433905143011093691e-08
5.470596645433622010e-08
5.507189177368629978e-08
5.543510650351325009e-08
5.580180697850936496e-08
5.616568173713119232e-08
5.652973166412822033e-08
5.689628809469610757e-08
5.726126537901534198e-08
5.762550277271828272e-08
5.799050270561861925e-08
5.835714031869040511e-08
5.872329528146975698e-08
5.908757243508912280e-08
5.945319969531992015e-08
5.981836876995719567e-08
6.018357848051548714e-08
6.054759233879959618e-08
6.091278164871766320e-08
6.127923930576785185e-08
6.164706972269992723e-08
6.201170924759551547e-08
6.237612398612261121e-08
6.274214260477786410e-08
6.310919798976951267e-08
6.347366509013908124e-08
6.383912557565050973e-08
6.420335572962209723e-08
6.456964508751050533e-08
6.493602119362964394e-08
6.530105942620625239e-08
6.566712524345412215e-08
6.603439193851643281e-08
6.639999249527134420e-08
6.676535933297743415e-08
6.712917755111665210e-08
6.749472543654703483e-08
6.786042868119483246e-08
6.822659855067312947e-08
6.859262191735945826e-08
6.895855258677450890e-08
6.932565239361564457e-08
6.969325730714120746e-08
7.005836517657404158e-08
7.042562273143427473e-08
7.079129596064239256e-08
7.115723675967187718e-08
7.152263767280245690e-08
7.188740274439431505e-08
7.225418746152868821e-08
7.262064504800450198e-08
7.298613259421218595e-08
7.335353115834357384e-08
7.371911861711279322e-08
7.408467140439483951e-08
7.445204782423732758e-08
7.481793713394204632e-08
7.518214865892797184e-08
7.554767647975456297e-08
7.591528354525759031e-08
7.628004826923285761e-08
7.664504156212211178e-08
7.701144964389482053e-08
7.737775108804124292e-08
7.774399981941148827e-08
7.810860165497624352e-08
7.847494865580050538e-08
7.884106173634652706e-08
7.920698500439893424e-08
7.957215737934355307e-08
7.993953878569306265e-08
8.030567984518893485e-08
8.067300079983182169e-08
8.104049181505592892e-08
8.140615106769435665e-08
8.177353786574020214e-08
8.213875800336720822e-08
8.250498510592595185e-08
8.287031853542116178e-08
8.323595128276210962e-08
8.360214677218913920e-08
8.396718517285390385e-08
8.433441931535280533e-08
8.469896841898017478e-08
8.506551298100296587e-08
8.543299558177578176e-08
8.579797214690647217e-08
8.616462848952260610e-08
8.652995996030133436e-08
8.689607362049258209e-08
8.726258980032487374e-08
8.762674219550577715e-08
8.799248635242626970e-08
8.835666113647604236e-08
8.872386817581978545e-08
8.908945400753200591e-08
8.945593540640450847e-08
8.982154363319060420e-08
9.018746086050254450e-08
9.055168889974672812e-08
9.091805504209672510e-08
9.128596215694817286e-08
9.165195877587573321e-08
9.201902847166667757e-08
9.238465921432999782e-08
9.275138668654286698e-08
9.311676101404440765e-08
9.348264164320242144e-08
9.384868348586745265e-08
9.421538890444364087e-08
9.458073839920887223e-08
9.494669846258394874e-08
9.531372237166408097e-08
9.567827603138782510e-08
9.604494339209854175e-08
9.641138774306831172e-08
9.677835510099651489e-08
9.714278460146187884e-08
9.750825757920955456e-08
9.787383500493129725e-08
9.824006878155550717e-08
9.860461211213041735e-08
9.897052964934096841e-08
9.933707974650835434e-08
9.970257961558452725e-08
1.000689048050437672e-07
1.004343098212312852e-07
1.008011149110328712e-07
1.011685023033180954e-07
1.015353047928717613e-07
1.019005474890810373e-07
1.022670963734881561e-07
1.026348810386424080e-07
1.030012163358758139e-07
1.033662228655179179e-07
1.037328230236369967e-07
1.040992218595876619e-07
1.044661055769495711e-07
1.048320693597669418e-07
1.051976767913647800e-07
1.055640213730923524e-07
1.059307771227718893e-07
1.062968781484624256e-07
1.066624715887288276e-07
1.070282082883291921e-07
1.073947976887759001e-07
1.077598609946345414e-07
1.081259833216932693e-07
1.084905355924260094e-07
1.088558335442296488e-07
1.092223382580333727e-07
1.095859830963665056e-07
1.099523973716331132e-07
1.103175750481510991e-07
1.106831003382857732e-07
1.110495710680540257e-07
1.114152235962266871e-07
1.117812473113326470e-07
1.121477945474004155e-07
1.125133025420703747e-07
1.128807587022047781e-07
1.132451851338851134e-07
1.136111696409696719e-07
1.139774301097411521e-07
1.143427149610041305e-07
1.147082594862888383e-07
1.150723081892473621e-07
1.154371371423282140e-07
1.158019129907395830e-07
1.161689310081466577e-07
1.165352472918395906e-07
1.168997443710048967e-07
1.172645749876122011e-07
1.176308420684945241e-07
1.179970787503198630e-07
1.183625628576931730e-07
1.187290408467822422e-07
1.190953412557351566e-07
1.194604474381196054e-07
1.198261237430851168e-07
1.201907642517287802e-07
1.205564299685078005e-07
1.209237358588686938e-07
1.212896962418807453e-07
1.216555494374192153e-07
1.220209273319158470e-07
1.223879612706817012e-07
1.227528229282211647e-07
1.231182678499430548e-07
1.234837899200872606e-07
1.238497126729131767e-07
1.242149642089182207e-07
1.245820488417831021e-07
1.249476246304397942e-07
1.253135107138754792e-07
1.256791247341323192e-07
1.260433384988489049e-07
1.264094320956336818e-07
1.267746252519537997e-07
1.271405594741488227e-07
1.275065635016218395e-07
1.278724962766383610e-07
1.282395861607871252e-07
1.286059687243525829e-07
1.289721798233561654e-07
1.293362754642821370e-07
1.297007638782776551e-07
1.300670339887312724e-07
1.304321087750416129e-07
1.307983448033545367e-07
1.311638007250778697e-07
1.315309545299180594e-07
1.318951379227999632e-07
1.322619115618963172e-07
1.326285844408319867e-07
1.329941866691142253e-07
1.333594125364028397e-07
1.337245020457884916e-07
1.340922988302510305e-07
1.344556499278574601e-07
1.348200745121331294e-07
1.351847855086810209e-07
1.355511023707448851e-07
1.359166234546550667e-07
1.362828428481655753e-07
1.366480791553908304e-07
1.370144596119032807e-07
1.373793397246392153e-07
1.377436212528894097e-07
1.381068194351150139e-07
1.384727843728133817e-07
1.388382992632340585e-07
1.392011624536138659e-07
1.395688741163735557e-07
1.399338393619349144e-07
1.403010373480989186e-07
1.406653142883375824e-07
1.410281476420611528e-07
1.413934457360157275e-07
1.417589776136873495e-07
1.421247252608731433e-07
1.424898429197819700e-07
1.428544289001666696e-07
1.432204342805704728e-07
1.435866318782665845e-07
1.439537854002533299e-07
1.443195945419744226e-07
1.446864325255346651e-07
1.450531815772731137e-07
1.454212809405907263e-07
1.457867213918486389e-07
1.461519759144937607e-07
1.465179761398103396e-07
1.468828580935265393e-07
1.472490376040937327e-07
1.476138569717041744e-07
1.479794812415126801e-07
1.483429838215471137e-07
1.487090685267066795e-07
1.490740973887576923e-07
1.494389561187126120e-07
1.498049639968510877e-07
1.501689343835158705e-07
1.505341485062363587e-07
1.509005939690849836e-07
1.512675091332903956e-07
1.516337558079281669e-07
1.520018601920096986e-07
1.523667348877586802e-07
1.527327180577409436e-07
1.530985698590756232e-07
1.534648880622062010e-07
1.538301857850503099e-07
1.541987677556355959e-07
1.545652366152580948e-07
1.549301350146172062e-07
1.552950255875879995e-07
1.556591970600098005e-07
1.560265686605019649e-07
1.563937360113855912e-07
1.567613449464372536e-07
1.571280193928540582e-07
1.574931515174887552e-07
1.578596428918050281e-07
1.582261959302389486e-07
1.585913833091857202e-07
1.589559412128903312e-07
1.593209622381255474e-07
1.596880112907090732e-07
1.600540327591352484e-07
1.604204561627351888e-07
1.607862580943402574e-07
1.611531052480105828e-07
1.615187026844350034e-07
1.618846036193339069e-07
1.622519493547887129e-07
1.626183933335172149e-07
1.629865416422476493e-07
1.633527822546418179e-07
1.637187300427859487e-07
1.640844489623135086e-07
1.644502617281081325e-07
1.648155642488931323e-07
1.651804399452325259e-07
1.655471040264248075e-07
1.659142222962064924e-07
1.662785212051623241e-07
1.666451088599505329e-07
1.670116811067761473e-07
1.673767312146717729e-07
1.677429355753025785e-07
1.681104475718136733e-07
1.684766042987644023e-07
1.688409020855268074e-07
1.692062779521618183e-07
1.695718051291460666e-07
1.699377230403937014e-07
1.703060921782692864e-07
1.706728576327062350e-07
1.710390481775700176e-07
1.714064959085295397e-07
1.717702227222484970e-07
1.721341349246633922e-07
1.724988362746776993e-07
1.728641339969755249e-07
1.732291831351467514e-07
1.735951154974118999e-07
1.739614323015583245e-07
1.743275142448498900e-07
1.746924854727413691e-07
1.750598758583957921e-07
1.754251273887301887e-07
1.757909119460462122e-07
1.761569123501946602e-07
1.765233234935413282e-07
1.768885232630638232e-07
1.772541121334146668e-07
1.776205376200612716e-07
1.779858584551942394e-07
1.783526437343593121e-07
1.787182703581009125e-07
1.790841224011587841e-07
1.794513000244332606e-07
1.798150992974851321e-07
1.801825334298781869e-07
1.805485893824615301e-07
1.809139231053831672e-07
1.812806434534130268e-07
1.816464176333690068e-07
1.820128786750293126e-07
1.823775254893117607e-07
1.827436926199540081e-07
1.831098247867189339e-07
1.834757006670186647e-07
1.838418611508797668e-07
1.842068616214227853e-07
1.845739160267462650e-07
1.849385560220003209e-07
1.853048051086609976e-07
1.856704892242564409e-07
1.860373178987547629e-07
1.864031204007802996e-07
1.867663263832150275e-07
1.871322065398461958e-07
1.874974618378790418e-07
1.878641116006721701e-07
1.882284352263175680e-07
1.885942123930652977e-07
1.889599778407833151e-07
1.893261526056264194e-07
1.896928904482256436e-07
1.900574184732838680e-07
1.904229407893995331e-07
1.907925785318163437e-07
1.911570739984310827e-07
1.915223004557815094e-07
1.918878134159477453e-07
1.922529253168795654e-07
1.926188110765326447e-07
1.929857185695057399e-07
1.933509605603702461e-07
1.937162965815119947e-07
1.940811107091099418e-07
1.944461780373280042e-07
1.948128384599038246e-07
1.951772219512678777e-07
1.955414472001330246e-07
1.959065770447215225e-07
1.962721448461265609e-07
1.966374797068351306e-07
1.970051641007926017e-07
1.973703914550400906e-07
1.977364446548335355e-07
1.981020315150583047e-07
1.984671169561567811e-07
1.988317416276511526e-07
1.991943484799695737e-07
1.995616526828972110e-07
1.999260884177636521e-07
2.002906599647671227e-07
2.006571986411234713e-07
2.010239810935782391e-07
2.013874155543606162e-07
2.017538135903086210e-07
2.021194121038036996e-07
2.024837601130448895e-07
2.028495031846372116e-07
2.032153319143077118e-07
2.035817490041618622e-07
2.039461116554372421e-07
2.043124693229778093e-07
2.046789938650139516e-07
2.050458470608518489e-07
2.054124544845262641e-07
2.057780336504140929e-07
2.061434143029617828e-07
2.065099292529795930e-07
2.068773915662788434e-07
2.072435406251658206e-07
2.076099657796560784e-07
2.079758913786033033e-07
2.083403250346967583e-07
2.087061804366693674e-07
2.090727392879844671e-07
2.094399103464319946e-07
2.098043852571374554e-07
2.101708449486525749e-07
2.105374246127467085e-07
2.109030203503130928e-07
2.112671449098731583e-07
2.116331724331748348e-07
2.119982157618222823e-07
2.123625372560379381e-07
2.127291192516396781e-07
2.130955300005930358e-07
2.134591895816576604e-07
2.138249144045947135e-07
2.141912029422863089e-07
2.145558455453825176e-07
2.149211389393772669e-07
2.152843515561679345e-07
2.156504347377552826e-07
2.160168962465116955e-07
2.163808815718564824e-07
2.167459365850095322e-07
2.171097768536836891e-07
2.174749340791715399e-07
2.178390950548630352e-07
2.182057091034536050e-07
2.185708590394334570e-07
2.189370801650674475e-07
2.193013698855930382e-07
2.196674403130015560e-07
2.200345677068066848e-07
2.203992383861754002e-07
2.207656014901174185e-07
2.211304005539348419e-07
2.214965146953833699e-07
2.218618158963806854e-07
2.222273542069688038e-07
2.225935438094232529e-07
2.229590100575851790e-07
2.233237357638116823e-07
2.236890714321687612e-07
2.240545648944470030e-07
2.244207614551821402e-07
2.247868474622024939e-07
2.251526774661161668e-07
2.255183122242849690e-07
2.258845404992064772e-07
2.262498615930789202e-07
2.266157282585579868e-07
2.269828250431486678e-07
2.273491888853480857e-07
2.277145321276274513e-07
2.280788620480143697e-07
2.284433355049455365e-07
2.288099602690180174e-07
2.291761013192261071e-07
2.295404767812136256e-07
2.299064501701288028e-07
2.302730747023442521e-07
2.306388232121889246e-07
2.310050183276834922e-07
2.313715203152102829e-07
2.317360975137253890e-07
2.321022563403286515e-07
2.324676877204554574e-07
2.328344245686759063e-07
2.332003237751755730e-07
2.335646644951305280e-07
2.339299872295500945e-07
2.342950429515243756e-07
2.346602904708540527e-07
2.350258275503943700e-07
2.353911988582713243e-07
2.357566255740640607e-07
2.361228508158903132e-07
2.364878516536931592e-07
2.368528501991424704e-07
2.372190017879169877e-07
2.375843536991929302e-07
2.379494994328927237e-07
2.383167044931581866e-07
2.386821425792961608e-07
2.390473702184035827e-07
2.394128153421547686e-07
2.397802701827305968e-07
2.401458017182677443e-07
2.405109401162866085e-07
2.408761435857214914e-07
2.412422353856989036e-07
2.416082217475394080e-07
2.419761902245951767e-07
2.423430675882158295e-07
2.427102846088388175e-07
2.430759912687421594e-07
2.434430490236956513e-07
2.438079918528073054e-07
2.441735042279075558e-07
2.445380952757965907e-07
2.449025553196398799e-07
2.452683657570940064e-07
2.456351674463267657e-07
2.460012017075700527e-07
2.463673210655741920e-07
2.467334876014525620e-07
2.470984221531864667e-07
2.474673836943200153e-07
2.478314403474861069e-07
2.481950164996383569e-07
2.485604273488747234e-07
2.489266316667237213e-07
2.492930841158068686e-07
2.496562706729813836e-07
2.500219390656453752e-07
2.503868684864455969e-07
2.507537433027666503e-07
2.511175081974396224e-07
2.514831549940601111e-07
2.518486357843103100e-07
2.522143179330028172e-07
2.525808350295422467e-07
2.529477483736078451e-07
2.533130950415111131e-07
2.536805632959398220e-07
2.540472490412075722e-07
2.544139551634678428e-07
2.547785492748569898e-07
2.551454213017844102e-07
2.555111402647692073e-07
2.558767782829110137e-07
2.562424626692779027e-07
2.566076488365891477e-07
2.569746176656384297e-07
2.573412292402055851e-07
2.577051440501888297e-07
2.580706343744216542e-07
2.584357474698216548e-07
2.588015168786076437e-07
2.591686906057592882e-07
2.595344316021367979e-07
2.598998829302315277e-07
2.602652937196916673e-07
2.606306318168032259e-07
2.609973071918008101e-07
2.613636123861155542e-07
2.617303963502046692e-07
2.620958889065841914e-07
2.624620065449615759e-07
2.628262198824095702e-07
2.631922375439948183e-07
2.635590727784619055e-07
2.639247117876945171e-07
2.642904328980066736e-07
2.646561827253774790e-07
2.650226339892679860e-07
2.653878873335064985e-07
2.657539943967944800e-07
2.661194878422502240e-07
2.664860115284203213e-07
2.668488605433863838e-07
2.672142373838145960e-07
2.675808125595438755e-07
2.679461620084904611e-07
2.683114515633494051e-07
2.686762752036443840e-07
2.690409823460424937e-07
2.694080223663997713e-07
2.697753253789413182e-07
2.701428278387144420e-07
2.705099775221024010e-07
2.708748800236918391e-07
2.712404429794979425e-07
2.716059415429553997e-07
2.719708476206438787e-07
2.723357481840389215e-07
2.727034685461641251e-07
2.730714374858461020e-07
2.734374853645801075e-07
2.738024100783851541e-07
2.741669283332336135e-07
2.745323619582833651e-07
2.748992162703633031e-07
2.752661813209934779e-07
2.756320947607838832e-07
2.759977793527096807e-07
2.763632505077774101e-07
2.767297624216463314e-07
2.770950510395915975e-07
2.774602749113786379e-07
2.778276583328809521e-07
2.781928096654649271e-07
2.785589521884037759e-07
2.789239660973959238e-07
2.792910662547612629e-07
2.796559310191264415e-07
2.800222568818524798e-07
2.803865064423244326e-07
2.807531714828662038e-07
2.811179018044463818e-07
2.814832905515309715e-07
2.818496403692088672e-07
2.822166390267740556e-07
2.825808499029285877e-07
2.829465056632414124e-07
2.833125845753016182e-07
2.836792014948041130e-07
2.840434044310450687e-07
2.844094503595905865e-07
2.847758310426477425e-07
2.851429958365294569e-07
2.855086035321238669e-07
2.858728739061399626e-07
2.862393859480910122e-07
2.866060941050411538e-07
2.869718953038070277e-07
2.873378382610535656e-07
2.877049731663297447e-07
2.880718292819322980e-07
2.884361117757802530e-07
2.888008318182446686e-07
2.891676507672155900e-07
2.895350624902560175e-07
2.899014010202133512e-07
2.902666085510755544e-07
2.906335337072215372e-07
2.910011744406571602e-07
2.913675009490410506e-07
2.917324258521047567e-07
2.920986759028706160e-07
2.924646820074526226e-07
2.928305969439381225e-07
2.931949621944572650e-07
2.935597018139886205e-07
2.939240787327295010e-07
2.942911243773169387e-07
2.946558827779961195e-07
2.950200574237287603e-07
2.953866252294485062e-07
2.957536484165110177e-07
2.961185211210860224e-07
2.964843694190286664e-07
2.968525324986196435e-07
2.972180651731938648e-07
2.975852582875385792e-07
2.979509099563566903e-07
2.983156895918805436e-07
2.986838312189563745e-07
2.990480696993621804e-07
2.994120239616306671e-07
2.997754687218706205e-07
3.001425479346260678e-07
3.005089673559301205e-07
3.008742308116531341e-07
3.012390734094545506e-07
3.016052862752476559e-07
3.019707573091672274e-07
3.023370079807653560e-07
3.027030184748491781e-07
3.030688370406264429e-07
3.034352398634019222e-07
3.038001319620029586e-07
3.041645942591874568e-07
3.045312714935799613e-07
3.048975158609953548e-07
3.052630026013703696e-07
3.056296524155794302e-07
3.059976539071965561e-07
3.063638394593902260e-07
3.067291847961757646e-07
3.070950247652246977e-07
3.074605790116776835e-07
3.078255363990108880e-07
3.081921673598832639e-07
3.085582285718118083e-07
3.089249980313484920e-07
3.092907192780557171e-07
3.096563148999120539e-07
3.100217585527746450e-07
3.103870118507245010e-07
3.107528150009002312e-07
3.111190556247656876e-07
3.114832359988608132e-07
3.118487720652914392e-07
3.122156692689333694e-07
3.125814212532648929e-07
3.129472707182481023e-07
3.133110406401417668e-07
3.136769033493627914e-07
3.140436241697052633e-07
3.144086559665397263e-07
3.147742106824815284e-07
3.151400268687835787e-07
3.155052756498037179e-07
3.158704674693426324e-07
3.162375156406705917e-07
3.166032154647452516e-07
3.169691894034245692e-07
3.173340892056997342e-07
3.177017222658384771e-07
3.180650456979745913e-07
3.184313020248835364e-07
3.187963080299753018e-07
3.191623589917715925e-07
3.195281616715505930e-07
3.198925087762712125e-07
3.202576492287339736e-07
3.206232572618600546e-07
3.209864537377071610e-07
3.213521647790613761e-07
3.217167523489536143e-07
3.220831933633456601e-07
3.224496634144859119e-07
3.228156559466079066e-07
3.231804917661762877e-07
3.235470603820524486e-07
3.239123329178139144e-07
3.242781704426472107e-07
3.246465507581401390e-07
3.250115717920137678e-07
3.253781100430114784e-07
3.257452671651771938e-07
3.261101964192983251e-07
3.264750653781864345e-07
3.268411072934127151e-07
3.272061616911988170e-07
3.275736811729403843e-07
3.279359703221168388e-07
3.283009418318157030e-07
3.286650823259625690e-07
3.290317193706783641e-07
3.293991357218174005e-07
3.297643300414943905e-07
3.301286798435942362e-07
3.304943239790813090e-07
3.308612931690629766e-07
3.312277559802767267e-07
3.315944168155315254e-07
3.319598385773334852e-07
3.323277088225754095e-07
3.326939144494504058e-07
3.330587178986620908e-07
3.334233732294432627e-07
3.337908189622754086e-07
3.341567648876652599e-07
3.345231503944069145e-07
3.348888698679655962e-07
3.352547098661788266e-07
3.356201992997803299e-07
3.359845702972693652e-07
3.363510806095092034e-07
3.367146754616147121e-07
3.370809102895554242e-07
3.374483077224537175e-07
3.378135664507224280e-07
3.381775598988806421e-07
3.385446396560073299e-07
3.389126976844555591e-07
3.392766307887569836e-07
3.396423453855970575e-07
3.400059771998192578e-07
3.403706870487759427e-07
3.407367325108237293e-07
3.411033699076136393e-07
3.414677404274369199e-07
3.418342731087966439e-07
3.422014306560821604e-07
3.425693991099590842e-07
3.429345981871618997e-07
3.432997562459540407e-07
3.436663885304679155e-07
3.440344065632034157e-07
3.443981252985078189e-07
3.447631280313415849e-07
3.451288168284178768e-07
3.454933783248103778e-07
3.458594362887811863e-07
3.462239060177960236e-07
3.465905325741333902e-07
3.469573257411091633e-07
3.473223791099228701e-07
3.476882283889578366e-07
3.480537857148263660e-07
3.484181777330911310e-07
3.487845487035394888e-07
3.491507504530627767e-07
3.495153743629366476e-07
3.498818073654988963e-07
3.502462339906557445e-07
3.506129611569714924e-07
3.509777025768914944e-07
3.513443408311594326e-07
3.517105745827608731e-07
3.520753875340562936e-07
3.524408417721407076e-07
3.528056286475702043e-07
3.531713610583168874e-07
3.535380748985813900e-07
3.539035078890074289e-07
3.542699457718843637e-07
3.546358313613431129e-07
3.550018724262496938e-07
3.553675725130681506e-07
3.557327570229718695e-07
3.560982483648206536e-07
3.564652979735775005e-07
3.568310832335169887e-07
3.571988667724689130e-07
3.575648924122726849e-07
3.579314684216124571e-07
3.582974868637413718e-07
3.586634903435444048e-07
3.590283670033577561e-07
3.593932100533957278e-07
3.597588481451677790e-07
3.601248072730029459e-07
3.604917967658032527e-07
3.608577915332243900e-07
3.612237565863494198e-07
3.615902819089604897e-07
3.619557371115217219e-07
3.623214869142142224e-07
3.626873670305885352e-07
3.630536692563691659e-07
3.634200011566516610e-07
3.637852254238869384e-07
3.641513392611889373e-07
3.645184245205195188e-07
3.648869540231884754e-07
3.652514180217808438e-07
3.656163220156190888e-07
3.659839111084078805e-07
3.663497430516969245e-07
3.667154759679321711e-07
3.670824029954818308e-07
3.674472488366604938e-07
3.678143095149552915e-07
3.681791906266070010e-07
3.685445451428465078e-07
3.689092055777266177e-07
3.692763498310839251e-07
3.696418789594820797e-07
3.700080594748551034e-07
3.703735602930875846e-07
3.707391187250988751e-07
3.711026275144869996e-07
3.714678435765302634e-07
3.718353551831812093e-07
3.722006841134795490e-07
3.725660597616868121e-07
3.729330952297786465e-07
3.732998077165747614e-07
3.736653391615009829e-07
3.740312278191587594e-07
3.743963615033104701e-07
3.747617971897831937e-07
3.751292468175779217e-07
3.754959200898755067e-07
3.758626724504586694e-07
3.762299608256250781e-07
3.765938943829668390e-07
3.769586117282680217e-07
3.773265706287535127e-07
3.776909228423474772e-07
3.780571331395224344e-07
3.784251203732994510e-07
3.787920517316523371e-07
3.791583671172613030e-07
3.795261792616959318e-07
3.798926911241244363e-07
3.802606120524376276e-07
3.806260122067757511e-07
3.809916479799409047e-07
3.813574951169374914e-07
3.817234657920729256e-07
3.820886271424911626e-07
3.824562394224593901e-07
3.828236644760206971e-07
3.831891936490641054e-07
3.835534498256710222e-07
3.839191036435871093e-07
3.842842932474539052e-07
3.846513297054774332e-07
3.850184153193238610e-07
3.853837901640111593e-07
3.857498908480798216e-07
3.861147569305561151e-07
3.864816382514188239e-07
3.868463178539193056e-07
3.872101550087125983e-07
3.875746178436639151e-07
3.879403485662823516e-07
3.883063690432253336e-07
3.886707095714228555e-07
3.890360525890848594e-07
3.894020118648949881e-07
3.897676845302789862e-07
3.901313038367747183e-07
3.904956521404311405e-07
3.908610532070001902e-07
3.912262316788123921e-07
3.915929135013357794e-07
3.919585531007983129e-07
3.923236286769365953e-07
3.926895227247183896e-07
3.930567937640976888e-07
3.934211169885180056e-07
3.937865142158439415e-07
3.941516897184628797e-07
3.945173003087466472e-07
3.948837919491059632e-07
3.952497573590071467e-07
3.956148216665762291e-07
3.959812422782113944e-07
3.963454851133141674e-07
3.967122052047886527e-07
3.970773485327705628e-07
3.974460705731196313e-07
3.978143153173353043e-07
3.981806649364454897e-07
3.985466744716725042e-07
3.989116304713694412e-07
3.992766022865434851e-07
3.996426172274139080e-07
